{
 "cells": [
  {
   "cell_type": "code",
   "execution_count": 1,
   "id": "bb5de392-4b67-4ac4-8610-dd541ff73470",
   "metadata": {},
   "outputs": [],
   "source": [
    "import pandas as pd\n",
    "\n",
    "df = pd.read_csv(\"orders.csv\")"
   ]
  },
  {
   "cell_type": "code",
   "execution_count": 7,
   "id": "c880206f-3335-4106-afb4-440cf6cc97ae",
   "metadata": {},
   "outputs": [],
   "source": [
    "data = df.head(10)"
   ]
  },
  {
   "cell_type": "code",
   "execution_count": 8,
   "id": "3d9d6c8a-a41b-4e3d-a9b9-f8c78bb8fa28",
   "metadata": {},
   "outputs": [
    {
     "data": {
      "text/html": [
       "<div>\n",
       "<style scoped>\n",
       "    .dataframe tbody tr th:only-of-type {\n",
       "        vertical-align: middle;\n",
       "    }\n",
       "\n",
       "    .dataframe tbody tr th {\n",
       "        vertical-align: top;\n",
       "    }\n",
       "\n",
       "    .dataframe thead th {\n",
       "        text-align: right;\n",
       "    }\n",
       "</style>\n",
       "<table border=\"1\" class=\"dataframe\">\n",
       "  <thead>\n",
       "    <tr style=\"text-align: right;\">\n",
       "      <th></th>\n",
       "      <th>order_id</th>\n",
       "      <th>order_date</th>\n",
       "      <th>ship_date</th>\n",
       "      <th>ship_mode</th>\n",
       "      <th>customer_id</th>\n",
       "      <th>region</th>\n",
       "      <th>product_id</th>\n",
       "      <th>category</th>\n",
       "      <th>sales</th>\n",
       "      <th>quantity</th>\n",
       "      <th>profit</th>\n",
       "    </tr>\n",
       "  </thead>\n",
       "  <tbody>\n",
       "    <tr>\n",
       "      <th>9</th>\n",
       "      <td>CA-2018-115812</td>\n",
       "      <td>09-06-2018</td>\n",
       "      <td>14-06-2018</td>\n",
       "      <td>Standard Class</td>\n",
       "      <td>BH-11710</td>\n",
       "      <td>West</td>\n",
       "      <td>OFF-AP-10002892</td>\n",
       "      <td>Office Supplies</td>\n",
       "      <td>114.9</td>\n",
       "      <td>5</td>\n",
       "      <td>34.5</td>\n",
       "    </tr>\n",
       "    <tr>\n",
       "      <th>8</th>\n",
       "      <td>CA-2018-115812</td>\n",
       "      <td>09-06-2018</td>\n",
       "      <td>14-06-2018</td>\n",
       "      <td>Standard Class</td>\n",
       "      <td>BH-11710</td>\n",
       "      <td>West</td>\n",
       "      <td>OFF-BI-10003910</td>\n",
       "      <td>Office Supplies</td>\n",
       "      <td>18.5</td>\n",
       "      <td>3</td>\n",
       "      <td>5.8</td>\n",
       "    </tr>\n",
       "    <tr>\n",
       "      <th>7</th>\n",
       "      <td>CA-2018-115812</td>\n",
       "      <td>09-06-2018</td>\n",
       "      <td>14-06-2018</td>\n",
       "      <td>Standard Class</td>\n",
       "      <td>BH-11710</td>\n",
       "      <td>West</td>\n",
       "      <td>TEC-PH-10002275</td>\n",
       "      <td>Technology</td>\n",
       "      <td>907.2</td>\n",
       "      <td>6</td>\n",
       "      <td>90.7</td>\n",
       "    </tr>\n",
       "    <tr>\n",
       "      <th>6</th>\n",
       "      <td>CA-2018-115812</td>\n",
       "      <td>09-06-2018</td>\n",
       "      <td>14-06-2018</td>\n",
       "      <td>Standard Class</td>\n",
       "      <td>BH-11710</td>\n",
       "      <td>West</td>\n",
       "      <td>OFF-AR-10002833</td>\n",
       "      <td>Office Supplies</td>\n",
       "      <td>7.3</td>\n",
       "      <td>4</td>\n",
       "      <td>2.0</td>\n",
       "    </tr>\n",
       "    <tr>\n",
       "      <th>5</th>\n",
       "      <td>CA-2018-115812</td>\n",
       "      <td>09-06-2018</td>\n",
       "      <td>14-06-2018</td>\n",
       "      <td>Standard Class</td>\n",
       "      <td>BH-11710</td>\n",
       "      <td>West</td>\n",
       "      <td>FUR-FU-10001487</td>\n",
       "      <td>Furniture</td>\n",
       "      <td>48.9</td>\n",
       "      <td>7</td>\n",
       "      <td>14.2</td>\n",
       "    </tr>\n",
       "    <tr>\n",
       "      <th>4</th>\n",
       "      <td>US-2019-108966</td>\n",
       "      <td>11-10-2019</td>\n",
       "      <td>18-10-2019</td>\n",
       "      <td>Standard Class</td>\n",
       "      <td>SO-20335</td>\n",
       "      <td>South</td>\n",
       "      <td>OFF-ST-10000760</td>\n",
       "      <td>Office Supplies</td>\n",
       "      <td>22.4</td>\n",
       "      <td>2</td>\n",
       "      <td>2.5</td>\n",
       "    </tr>\n",
       "    <tr>\n",
       "      <th>3</th>\n",
       "      <td>US-2019-108966</td>\n",
       "      <td>11-10-2019</td>\n",
       "      <td>18-10-2019</td>\n",
       "      <td>Standard Class</td>\n",
       "      <td>SO-20335</td>\n",
       "      <td>South</td>\n",
       "      <td>FUR-TA-10000577</td>\n",
       "      <td>Furniture</td>\n",
       "      <td>957.6</td>\n",
       "      <td>5</td>\n",
       "      <td>-383.0</td>\n",
       "    </tr>\n",
       "    <tr>\n",
       "      <th>2</th>\n",
       "      <td>CA-2020-138688</td>\n",
       "      <td>12-06-2020</td>\n",
       "      <td>16-06-2020</td>\n",
       "      <td>Second Class</td>\n",
       "      <td>DV-13045</td>\n",
       "      <td>West</td>\n",
       "      <td>OFF-LA-10000240</td>\n",
       "      <td>Office Supplies</td>\n",
       "      <td>14.6</td>\n",
       "      <td>2</td>\n",
       "      <td>6.9</td>\n",
       "    </tr>\n",
       "    <tr>\n",
       "      <th>1</th>\n",
       "      <td>CA-2020-152156</td>\n",
       "      <td>08-11-2020</td>\n",
       "      <td>11-11-2020</td>\n",
       "      <td>Second Class</td>\n",
       "      <td>CG-12520</td>\n",
       "      <td>South</td>\n",
       "      <td>FUR-CH-10000454</td>\n",
       "      <td>Furniture</td>\n",
       "      <td>731.9</td>\n",
       "      <td>3</td>\n",
       "      <td>219.6</td>\n",
       "    </tr>\n",
       "    <tr>\n",
       "      <th>0</th>\n",
       "      <td>CA-2020-152156</td>\n",
       "      <td>08-11-2020</td>\n",
       "      <td>11-11-2020</td>\n",
       "      <td>Second Class</td>\n",
       "      <td>CG-12520</td>\n",
       "      <td>South</td>\n",
       "      <td>FUR-BO-10001798</td>\n",
       "      <td>Furniture</td>\n",
       "      <td>262.0</td>\n",
       "      <td>2</td>\n",
       "      <td>41.9</td>\n",
       "    </tr>\n",
       "  </tbody>\n",
       "</table>\n",
       "</div>"
      ],
      "text/plain": [
       "         order_id  order_date   ship_date       ship_mode customer_id region  \\\n",
       "9  CA-2018-115812  09-06-2018  14-06-2018  Standard Class    BH-11710   West   \n",
       "8  CA-2018-115812  09-06-2018  14-06-2018  Standard Class    BH-11710   West   \n",
       "7  CA-2018-115812  09-06-2018  14-06-2018  Standard Class    BH-11710   West   \n",
       "6  CA-2018-115812  09-06-2018  14-06-2018  Standard Class    BH-11710   West   \n",
       "5  CA-2018-115812  09-06-2018  14-06-2018  Standard Class    BH-11710   West   \n",
       "4  US-2019-108966  11-10-2019  18-10-2019  Standard Class    SO-20335  South   \n",
       "3  US-2019-108966  11-10-2019  18-10-2019  Standard Class    SO-20335  South   \n",
       "2  CA-2020-138688  12-06-2020  16-06-2020    Second Class    DV-13045   West   \n",
       "1  CA-2020-152156  08-11-2020  11-11-2020    Second Class    CG-12520  South   \n",
       "0  CA-2020-152156  08-11-2020  11-11-2020    Second Class    CG-12520  South   \n",
       "\n",
       "        product_id         category  sales  quantity  profit  \n",
       "9  OFF-AP-10002892  Office Supplies  114.9         5    34.5  \n",
       "8  OFF-BI-10003910  Office Supplies   18.5         3     5.8  \n",
       "7  TEC-PH-10002275       Technology  907.2         6    90.7  \n",
       "6  OFF-AR-10002833  Office Supplies    7.3         4     2.0  \n",
       "5  FUR-FU-10001487        Furniture   48.9         7    14.2  \n",
       "4  OFF-ST-10000760  Office Supplies   22.4         2     2.5  \n",
       "3  FUR-TA-10000577        Furniture  957.6         5  -383.0  \n",
       "2  OFF-LA-10000240  Office Supplies   14.6         2     6.9  \n",
       "1  FUR-CH-10000454        Furniture  731.9         3   219.6  \n",
       "0  FUR-BO-10001798        Furniture  262.0         2    41.9  "
      ]
     },
     "execution_count": 8,
     "metadata": {},
     "output_type": "execute_result"
    }
   ],
   "source": [
    "data.sort_index(ascending=False) #sort increseing order by using index"
   ]
  },
  {
   "cell_type": "code",
   "execution_count": 10,
   "id": "02950a4c-173b-4336-a77f-54f2097620b1",
   "metadata": {},
   "outputs": [
    {
     "data": {
      "text/html": [
       "<div>\n",
       "<style scoped>\n",
       "    .dataframe tbody tr th:only-of-type {\n",
       "        vertical-align: middle;\n",
       "    }\n",
       "\n",
       "    .dataframe tbody tr th {\n",
       "        vertical-align: top;\n",
       "    }\n",
       "\n",
       "    .dataframe thead th {\n",
       "        text-align: right;\n",
       "    }\n",
       "</style>\n",
       "<table border=\"1\" class=\"dataframe\">\n",
       "  <thead>\n",
       "    <tr style=\"text-align: right;\">\n",
       "      <th></th>\n",
       "      <th>order_id</th>\n",
       "      <th>order_date</th>\n",
       "      <th>ship_date</th>\n",
       "      <th>ship_mode</th>\n",
       "      <th>customer_id</th>\n",
       "      <th>region</th>\n",
       "      <th>product_id</th>\n",
       "      <th>category</th>\n",
       "      <th>sales</th>\n",
       "      <th>quantity</th>\n",
       "      <th>profit</th>\n",
       "    </tr>\n",
       "  </thead>\n",
       "  <tbody>\n",
       "    <tr>\n",
       "      <th>6</th>\n",
       "      <td>CA-2018-115812</td>\n",
       "      <td>09-06-2018</td>\n",
       "      <td>14-06-2018</td>\n",
       "      <td>Standard Class</td>\n",
       "      <td>BH-11710</td>\n",
       "      <td>West</td>\n",
       "      <td>OFF-AR-10002833</td>\n",
       "      <td>Office Supplies</td>\n",
       "      <td>7.3</td>\n",
       "      <td>4</td>\n",
       "      <td>2.0</td>\n",
       "    </tr>\n",
       "    <tr>\n",
       "      <th>2</th>\n",
       "      <td>CA-2020-138688</td>\n",
       "      <td>12-06-2020</td>\n",
       "      <td>16-06-2020</td>\n",
       "      <td>Second Class</td>\n",
       "      <td>DV-13045</td>\n",
       "      <td>West</td>\n",
       "      <td>OFF-LA-10000240</td>\n",
       "      <td>Office Supplies</td>\n",
       "      <td>14.6</td>\n",
       "      <td>2</td>\n",
       "      <td>6.9</td>\n",
       "    </tr>\n",
       "    <tr>\n",
       "      <th>8</th>\n",
       "      <td>CA-2018-115812</td>\n",
       "      <td>09-06-2018</td>\n",
       "      <td>14-06-2018</td>\n",
       "      <td>Standard Class</td>\n",
       "      <td>BH-11710</td>\n",
       "      <td>West</td>\n",
       "      <td>OFF-BI-10003910</td>\n",
       "      <td>Office Supplies</td>\n",
       "      <td>18.5</td>\n",
       "      <td>3</td>\n",
       "      <td>5.8</td>\n",
       "    </tr>\n",
       "    <tr>\n",
       "      <th>4</th>\n",
       "      <td>US-2019-108966</td>\n",
       "      <td>11-10-2019</td>\n",
       "      <td>18-10-2019</td>\n",
       "      <td>Standard Class</td>\n",
       "      <td>SO-20335</td>\n",
       "      <td>South</td>\n",
       "      <td>OFF-ST-10000760</td>\n",
       "      <td>Office Supplies</td>\n",
       "      <td>22.4</td>\n",
       "      <td>2</td>\n",
       "      <td>2.5</td>\n",
       "    </tr>\n",
       "    <tr>\n",
       "      <th>5</th>\n",
       "      <td>CA-2018-115812</td>\n",
       "      <td>09-06-2018</td>\n",
       "      <td>14-06-2018</td>\n",
       "      <td>Standard Class</td>\n",
       "      <td>BH-11710</td>\n",
       "      <td>West</td>\n",
       "      <td>FUR-FU-10001487</td>\n",
       "      <td>Furniture</td>\n",
       "      <td>48.9</td>\n",
       "      <td>7</td>\n",
       "      <td>14.2</td>\n",
       "    </tr>\n",
       "    <tr>\n",
       "      <th>9</th>\n",
       "      <td>CA-2018-115812</td>\n",
       "      <td>09-06-2018</td>\n",
       "      <td>14-06-2018</td>\n",
       "      <td>Standard Class</td>\n",
       "      <td>BH-11710</td>\n",
       "      <td>West</td>\n",
       "      <td>OFF-AP-10002892</td>\n",
       "      <td>Office Supplies</td>\n",
       "      <td>114.9</td>\n",
       "      <td>5</td>\n",
       "      <td>34.5</td>\n",
       "    </tr>\n",
       "    <tr>\n",
       "      <th>0</th>\n",
       "      <td>CA-2020-152156</td>\n",
       "      <td>08-11-2020</td>\n",
       "      <td>11-11-2020</td>\n",
       "      <td>Second Class</td>\n",
       "      <td>CG-12520</td>\n",
       "      <td>South</td>\n",
       "      <td>FUR-BO-10001798</td>\n",
       "      <td>Furniture</td>\n",
       "      <td>262.0</td>\n",
       "      <td>2</td>\n",
       "      <td>41.9</td>\n",
       "    </tr>\n",
       "    <tr>\n",
       "      <th>1</th>\n",
       "      <td>CA-2020-152156</td>\n",
       "      <td>08-11-2020</td>\n",
       "      <td>11-11-2020</td>\n",
       "      <td>Second Class</td>\n",
       "      <td>CG-12520</td>\n",
       "      <td>South</td>\n",
       "      <td>FUR-CH-10000454</td>\n",
       "      <td>Furniture</td>\n",
       "      <td>731.9</td>\n",
       "      <td>3</td>\n",
       "      <td>219.6</td>\n",
       "    </tr>\n",
       "    <tr>\n",
       "      <th>7</th>\n",
       "      <td>CA-2018-115812</td>\n",
       "      <td>09-06-2018</td>\n",
       "      <td>14-06-2018</td>\n",
       "      <td>Standard Class</td>\n",
       "      <td>BH-11710</td>\n",
       "      <td>West</td>\n",
       "      <td>TEC-PH-10002275</td>\n",
       "      <td>Technology</td>\n",
       "      <td>907.2</td>\n",
       "      <td>6</td>\n",
       "      <td>90.7</td>\n",
       "    </tr>\n",
       "    <tr>\n",
       "      <th>3</th>\n",
       "      <td>US-2019-108966</td>\n",
       "      <td>11-10-2019</td>\n",
       "      <td>18-10-2019</td>\n",
       "      <td>Standard Class</td>\n",
       "      <td>SO-20335</td>\n",
       "      <td>South</td>\n",
       "      <td>FUR-TA-10000577</td>\n",
       "      <td>Furniture</td>\n",
       "      <td>957.6</td>\n",
       "      <td>5</td>\n",
       "      <td>-383.0</td>\n",
       "    </tr>\n",
       "  </tbody>\n",
       "</table>\n",
       "</div>"
      ],
      "text/plain": [
       "         order_id  order_date   ship_date       ship_mode customer_id region  \\\n",
       "6  CA-2018-115812  09-06-2018  14-06-2018  Standard Class    BH-11710   West   \n",
       "2  CA-2020-138688  12-06-2020  16-06-2020    Second Class    DV-13045   West   \n",
       "8  CA-2018-115812  09-06-2018  14-06-2018  Standard Class    BH-11710   West   \n",
       "4  US-2019-108966  11-10-2019  18-10-2019  Standard Class    SO-20335  South   \n",
       "5  CA-2018-115812  09-06-2018  14-06-2018  Standard Class    BH-11710   West   \n",
       "9  CA-2018-115812  09-06-2018  14-06-2018  Standard Class    BH-11710   West   \n",
       "0  CA-2020-152156  08-11-2020  11-11-2020    Second Class    CG-12520  South   \n",
       "1  CA-2020-152156  08-11-2020  11-11-2020    Second Class    CG-12520  South   \n",
       "7  CA-2018-115812  09-06-2018  14-06-2018  Standard Class    BH-11710   West   \n",
       "3  US-2019-108966  11-10-2019  18-10-2019  Standard Class    SO-20335  South   \n",
       "\n",
       "        product_id         category  sales  quantity  profit  \n",
       "6  OFF-AR-10002833  Office Supplies    7.3         4     2.0  \n",
       "2  OFF-LA-10000240  Office Supplies   14.6         2     6.9  \n",
       "8  OFF-BI-10003910  Office Supplies   18.5         3     5.8  \n",
       "4  OFF-ST-10000760  Office Supplies   22.4         2     2.5  \n",
       "5  FUR-FU-10001487        Furniture   48.9         7    14.2  \n",
       "9  OFF-AP-10002892  Office Supplies  114.9         5    34.5  \n",
       "0  FUR-BO-10001798        Furniture  262.0         2    41.9  \n",
       "1  FUR-CH-10000454        Furniture  731.9         3   219.6  \n",
       "7  TEC-PH-10002275       Technology  907.2         6    90.7  \n",
       "3  FUR-TA-10000577        Furniture  957.6         5  -383.0  "
      ]
     },
     "execution_count": 10,
     "metadata": {},
     "output_type": "execute_result"
    }
   ],
   "source": [
    "data.sort_values(\"sales\")  # icreseing order"
   ]
  },
  {
   "cell_type": "code",
   "execution_count": 11,
   "id": "399c8607-6ef2-407f-bee2-d9d0d8629311",
   "metadata": {},
   "outputs": [
    {
     "data": {
      "text/html": [
       "<div>\n",
       "<style scoped>\n",
       "    .dataframe tbody tr th:only-of-type {\n",
       "        vertical-align: middle;\n",
       "    }\n",
       "\n",
       "    .dataframe tbody tr th {\n",
       "        vertical-align: top;\n",
       "    }\n",
       "\n",
       "    .dataframe thead th {\n",
       "        text-align: right;\n",
       "    }\n",
       "</style>\n",
       "<table border=\"1\" class=\"dataframe\">\n",
       "  <thead>\n",
       "    <tr style=\"text-align: right;\">\n",
       "      <th></th>\n",
       "      <th>order_id</th>\n",
       "      <th>order_date</th>\n",
       "      <th>ship_date</th>\n",
       "      <th>ship_mode</th>\n",
       "      <th>customer_id</th>\n",
       "      <th>region</th>\n",
       "      <th>product_id</th>\n",
       "      <th>category</th>\n",
       "      <th>sales</th>\n",
       "      <th>quantity</th>\n",
       "      <th>profit</th>\n",
       "    </tr>\n",
       "  </thead>\n",
       "  <tbody>\n",
       "    <tr>\n",
       "      <th>3</th>\n",
       "      <td>US-2019-108966</td>\n",
       "      <td>11-10-2019</td>\n",
       "      <td>18-10-2019</td>\n",
       "      <td>Standard Class</td>\n",
       "      <td>SO-20335</td>\n",
       "      <td>South</td>\n",
       "      <td>FUR-TA-10000577</td>\n",
       "      <td>Furniture</td>\n",
       "      <td>957.6</td>\n",
       "      <td>5</td>\n",
       "      <td>-383.0</td>\n",
       "    </tr>\n",
       "    <tr>\n",
       "      <th>7</th>\n",
       "      <td>CA-2018-115812</td>\n",
       "      <td>09-06-2018</td>\n",
       "      <td>14-06-2018</td>\n",
       "      <td>Standard Class</td>\n",
       "      <td>BH-11710</td>\n",
       "      <td>West</td>\n",
       "      <td>TEC-PH-10002275</td>\n",
       "      <td>Technology</td>\n",
       "      <td>907.2</td>\n",
       "      <td>6</td>\n",
       "      <td>90.7</td>\n",
       "    </tr>\n",
       "    <tr>\n",
       "      <th>1</th>\n",
       "      <td>CA-2020-152156</td>\n",
       "      <td>08-11-2020</td>\n",
       "      <td>11-11-2020</td>\n",
       "      <td>Second Class</td>\n",
       "      <td>CG-12520</td>\n",
       "      <td>South</td>\n",
       "      <td>FUR-CH-10000454</td>\n",
       "      <td>Furniture</td>\n",
       "      <td>731.9</td>\n",
       "      <td>3</td>\n",
       "      <td>219.6</td>\n",
       "    </tr>\n",
       "    <tr>\n",
       "      <th>0</th>\n",
       "      <td>CA-2020-152156</td>\n",
       "      <td>08-11-2020</td>\n",
       "      <td>11-11-2020</td>\n",
       "      <td>Second Class</td>\n",
       "      <td>CG-12520</td>\n",
       "      <td>South</td>\n",
       "      <td>FUR-BO-10001798</td>\n",
       "      <td>Furniture</td>\n",
       "      <td>262.0</td>\n",
       "      <td>2</td>\n",
       "      <td>41.9</td>\n",
       "    </tr>\n",
       "    <tr>\n",
       "      <th>9</th>\n",
       "      <td>CA-2018-115812</td>\n",
       "      <td>09-06-2018</td>\n",
       "      <td>14-06-2018</td>\n",
       "      <td>Standard Class</td>\n",
       "      <td>BH-11710</td>\n",
       "      <td>West</td>\n",
       "      <td>OFF-AP-10002892</td>\n",
       "      <td>Office Supplies</td>\n",
       "      <td>114.9</td>\n",
       "      <td>5</td>\n",
       "      <td>34.5</td>\n",
       "    </tr>\n",
       "    <tr>\n",
       "      <th>5</th>\n",
       "      <td>CA-2018-115812</td>\n",
       "      <td>09-06-2018</td>\n",
       "      <td>14-06-2018</td>\n",
       "      <td>Standard Class</td>\n",
       "      <td>BH-11710</td>\n",
       "      <td>West</td>\n",
       "      <td>FUR-FU-10001487</td>\n",
       "      <td>Furniture</td>\n",
       "      <td>48.9</td>\n",
       "      <td>7</td>\n",
       "      <td>14.2</td>\n",
       "    </tr>\n",
       "    <tr>\n",
       "      <th>4</th>\n",
       "      <td>US-2019-108966</td>\n",
       "      <td>11-10-2019</td>\n",
       "      <td>18-10-2019</td>\n",
       "      <td>Standard Class</td>\n",
       "      <td>SO-20335</td>\n",
       "      <td>South</td>\n",
       "      <td>OFF-ST-10000760</td>\n",
       "      <td>Office Supplies</td>\n",
       "      <td>22.4</td>\n",
       "      <td>2</td>\n",
       "      <td>2.5</td>\n",
       "    </tr>\n",
       "    <tr>\n",
       "      <th>8</th>\n",
       "      <td>CA-2018-115812</td>\n",
       "      <td>09-06-2018</td>\n",
       "      <td>14-06-2018</td>\n",
       "      <td>Standard Class</td>\n",
       "      <td>BH-11710</td>\n",
       "      <td>West</td>\n",
       "      <td>OFF-BI-10003910</td>\n",
       "      <td>Office Supplies</td>\n",
       "      <td>18.5</td>\n",
       "      <td>3</td>\n",
       "      <td>5.8</td>\n",
       "    </tr>\n",
       "    <tr>\n",
       "      <th>2</th>\n",
       "      <td>CA-2020-138688</td>\n",
       "      <td>12-06-2020</td>\n",
       "      <td>16-06-2020</td>\n",
       "      <td>Second Class</td>\n",
       "      <td>DV-13045</td>\n",
       "      <td>West</td>\n",
       "      <td>OFF-LA-10000240</td>\n",
       "      <td>Office Supplies</td>\n",
       "      <td>14.6</td>\n",
       "      <td>2</td>\n",
       "      <td>6.9</td>\n",
       "    </tr>\n",
       "    <tr>\n",
       "      <th>6</th>\n",
       "      <td>CA-2018-115812</td>\n",
       "      <td>09-06-2018</td>\n",
       "      <td>14-06-2018</td>\n",
       "      <td>Standard Class</td>\n",
       "      <td>BH-11710</td>\n",
       "      <td>West</td>\n",
       "      <td>OFF-AR-10002833</td>\n",
       "      <td>Office Supplies</td>\n",
       "      <td>7.3</td>\n",
       "      <td>4</td>\n",
       "      <td>2.0</td>\n",
       "    </tr>\n",
       "  </tbody>\n",
       "</table>\n",
       "</div>"
      ],
      "text/plain": [
       "         order_id  order_date   ship_date       ship_mode customer_id region  \\\n",
       "3  US-2019-108966  11-10-2019  18-10-2019  Standard Class    SO-20335  South   \n",
       "7  CA-2018-115812  09-06-2018  14-06-2018  Standard Class    BH-11710   West   \n",
       "1  CA-2020-152156  08-11-2020  11-11-2020    Second Class    CG-12520  South   \n",
       "0  CA-2020-152156  08-11-2020  11-11-2020    Second Class    CG-12520  South   \n",
       "9  CA-2018-115812  09-06-2018  14-06-2018  Standard Class    BH-11710   West   \n",
       "5  CA-2018-115812  09-06-2018  14-06-2018  Standard Class    BH-11710   West   \n",
       "4  US-2019-108966  11-10-2019  18-10-2019  Standard Class    SO-20335  South   \n",
       "8  CA-2018-115812  09-06-2018  14-06-2018  Standard Class    BH-11710   West   \n",
       "2  CA-2020-138688  12-06-2020  16-06-2020    Second Class    DV-13045   West   \n",
       "6  CA-2018-115812  09-06-2018  14-06-2018  Standard Class    BH-11710   West   \n",
       "\n",
       "        product_id         category  sales  quantity  profit  \n",
       "3  FUR-TA-10000577        Furniture  957.6         5  -383.0  \n",
       "7  TEC-PH-10002275       Technology  907.2         6    90.7  \n",
       "1  FUR-CH-10000454        Furniture  731.9         3   219.6  \n",
       "0  FUR-BO-10001798        Furniture  262.0         2    41.9  \n",
       "9  OFF-AP-10002892  Office Supplies  114.9         5    34.5  \n",
       "5  FUR-FU-10001487        Furniture   48.9         7    14.2  \n",
       "4  OFF-ST-10000760  Office Supplies   22.4         2     2.5  \n",
       "8  OFF-BI-10003910  Office Supplies   18.5         3     5.8  \n",
       "2  OFF-LA-10000240  Office Supplies   14.6         2     6.9  \n",
       "6  OFF-AR-10002833  Office Supplies    7.3         4     2.0  "
      ]
     },
     "execution_count": 11,
     "metadata": {},
     "output_type": "execute_result"
    }
   ],
   "source": [
    "data.sort_values(\"sales\", ascending= False) #decresing order"
   ]
  },
  {
   "cell_type": "code",
   "execution_count": 13,
   "id": "d0e2774b-4726-4cbc-89f3-c6c004cd3d9b",
   "metadata": {},
   "outputs": [
    {
     "data": {
      "text/html": [
       "<div>\n",
       "<style scoped>\n",
       "    .dataframe tbody tr th:only-of-type {\n",
       "        vertical-align: middle;\n",
       "    }\n",
       "\n",
       "    .dataframe tbody tr th {\n",
       "        vertical-align: top;\n",
       "    }\n",
       "\n",
       "    .dataframe thead th {\n",
       "        text-align: right;\n",
       "    }\n",
       "</style>\n",
       "<table border=\"1\" class=\"dataframe\">\n",
       "  <thead>\n",
       "    <tr style=\"text-align: right;\">\n",
       "      <th></th>\n",
       "      <th>order_id</th>\n",
       "      <th>order_date</th>\n",
       "      <th>ship_date</th>\n",
       "      <th>ship_mode</th>\n",
       "      <th>customer_id</th>\n",
       "      <th>region</th>\n",
       "      <th>product_id</th>\n",
       "      <th>category</th>\n",
       "      <th>sales</th>\n",
       "      <th>quantity</th>\n",
       "      <th>profit</th>\n",
       "    </tr>\n",
       "  </thead>\n",
       "  <tbody>\n",
       "    <tr>\n",
       "      <th>0</th>\n",
       "      <td>CA-2020-152156</td>\n",
       "      <td>08-11-2020</td>\n",
       "      <td>11-11-2020</td>\n",
       "      <td>Second Class</td>\n",
       "      <td>CG-12520</td>\n",
       "      <td>South</td>\n",
       "      <td>FUR-BO-10001798</td>\n",
       "      <td>Furniture</td>\n",
       "      <td>262.0</td>\n",
       "      <td>2</td>\n",
       "      <td>41.9</td>\n",
       "    </tr>\n",
       "    <tr>\n",
       "      <th>1</th>\n",
       "      <td>CA-2020-152156</td>\n",
       "      <td>08-11-2020</td>\n",
       "      <td>11-11-2020</td>\n",
       "      <td>Second Class</td>\n",
       "      <td>CG-12520</td>\n",
       "      <td>South</td>\n",
       "      <td>FUR-CH-10000454</td>\n",
       "      <td>Furniture</td>\n",
       "      <td>731.9</td>\n",
       "      <td>3</td>\n",
       "      <td>219.6</td>\n",
       "    </tr>\n",
       "    <tr>\n",
       "      <th>3</th>\n",
       "      <td>US-2019-108966</td>\n",
       "      <td>11-10-2019</td>\n",
       "      <td>18-10-2019</td>\n",
       "      <td>Standard Class</td>\n",
       "      <td>SO-20335</td>\n",
       "      <td>South</td>\n",
       "      <td>FUR-TA-10000577</td>\n",
       "      <td>Furniture</td>\n",
       "      <td>957.6</td>\n",
       "      <td>5</td>\n",
       "      <td>-383.0</td>\n",
       "    </tr>\n",
       "    <tr>\n",
       "      <th>5</th>\n",
       "      <td>CA-2018-115812</td>\n",
       "      <td>09-06-2018</td>\n",
       "      <td>14-06-2018</td>\n",
       "      <td>Standard Class</td>\n",
       "      <td>BH-11710</td>\n",
       "      <td>West</td>\n",
       "      <td>FUR-FU-10001487</td>\n",
       "      <td>Furniture</td>\n",
       "      <td>48.9</td>\n",
       "      <td>7</td>\n",
       "      <td>14.2</td>\n",
       "    </tr>\n",
       "    <tr>\n",
       "      <th>2</th>\n",
       "      <td>CA-2020-138688</td>\n",
       "      <td>12-06-2020</td>\n",
       "      <td>16-06-2020</td>\n",
       "      <td>Second Class</td>\n",
       "      <td>DV-13045</td>\n",
       "      <td>West</td>\n",
       "      <td>OFF-LA-10000240</td>\n",
       "      <td>Office Supplies</td>\n",
       "      <td>14.6</td>\n",
       "      <td>2</td>\n",
       "      <td>6.9</td>\n",
       "    </tr>\n",
       "    <tr>\n",
       "      <th>4</th>\n",
       "      <td>US-2019-108966</td>\n",
       "      <td>11-10-2019</td>\n",
       "      <td>18-10-2019</td>\n",
       "      <td>Standard Class</td>\n",
       "      <td>SO-20335</td>\n",
       "      <td>South</td>\n",
       "      <td>OFF-ST-10000760</td>\n",
       "      <td>Office Supplies</td>\n",
       "      <td>22.4</td>\n",
       "      <td>2</td>\n",
       "      <td>2.5</td>\n",
       "    </tr>\n",
       "    <tr>\n",
       "      <th>6</th>\n",
       "      <td>CA-2018-115812</td>\n",
       "      <td>09-06-2018</td>\n",
       "      <td>14-06-2018</td>\n",
       "      <td>Standard Class</td>\n",
       "      <td>BH-11710</td>\n",
       "      <td>West</td>\n",
       "      <td>OFF-AR-10002833</td>\n",
       "      <td>Office Supplies</td>\n",
       "      <td>7.3</td>\n",
       "      <td>4</td>\n",
       "      <td>2.0</td>\n",
       "    </tr>\n",
       "    <tr>\n",
       "      <th>8</th>\n",
       "      <td>CA-2018-115812</td>\n",
       "      <td>09-06-2018</td>\n",
       "      <td>14-06-2018</td>\n",
       "      <td>Standard Class</td>\n",
       "      <td>BH-11710</td>\n",
       "      <td>West</td>\n",
       "      <td>OFF-BI-10003910</td>\n",
       "      <td>Office Supplies</td>\n",
       "      <td>18.5</td>\n",
       "      <td>3</td>\n",
       "      <td>5.8</td>\n",
       "    </tr>\n",
       "    <tr>\n",
       "      <th>9</th>\n",
       "      <td>CA-2018-115812</td>\n",
       "      <td>09-06-2018</td>\n",
       "      <td>14-06-2018</td>\n",
       "      <td>Standard Class</td>\n",
       "      <td>BH-11710</td>\n",
       "      <td>West</td>\n",
       "      <td>OFF-AP-10002892</td>\n",
       "      <td>Office Supplies</td>\n",
       "      <td>114.9</td>\n",
       "      <td>5</td>\n",
       "      <td>34.5</td>\n",
       "    </tr>\n",
       "    <tr>\n",
       "      <th>7</th>\n",
       "      <td>CA-2018-115812</td>\n",
       "      <td>09-06-2018</td>\n",
       "      <td>14-06-2018</td>\n",
       "      <td>Standard Class</td>\n",
       "      <td>BH-11710</td>\n",
       "      <td>West</td>\n",
       "      <td>TEC-PH-10002275</td>\n",
       "      <td>Technology</td>\n",
       "      <td>907.2</td>\n",
       "      <td>6</td>\n",
       "      <td>90.7</td>\n",
       "    </tr>\n",
       "  </tbody>\n",
       "</table>\n",
       "</div>"
      ],
      "text/plain": [
       "         order_id  order_date   ship_date       ship_mode customer_id region  \\\n",
       "0  CA-2020-152156  08-11-2020  11-11-2020    Second Class    CG-12520  South   \n",
       "1  CA-2020-152156  08-11-2020  11-11-2020    Second Class    CG-12520  South   \n",
       "3  US-2019-108966  11-10-2019  18-10-2019  Standard Class    SO-20335  South   \n",
       "5  CA-2018-115812  09-06-2018  14-06-2018  Standard Class    BH-11710   West   \n",
       "2  CA-2020-138688  12-06-2020  16-06-2020    Second Class    DV-13045   West   \n",
       "4  US-2019-108966  11-10-2019  18-10-2019  Standard Class    SO-20335  South   \n",
       "6  CA-2018-115812  09-06-2018  14-06-2018  Standard Class    BH-11710   West   \n",
       "8  CA-2018-115812  09-06-2018  14-06-2018  Standard Class    BH-11710   West   \n",
       "9  CA-2018-115812  09-06-2018  14-06-2018  Standard Class    BH-11710   West   \n",
       "7  CA-2018-115812  09-06-2018  14-06-2018  Standard Class    BH-11710   West   \n",
       "\n",
       "        product_id         category  sales  quantity  profit  \n",
       "0  FUR-BO-10001798        Furniture  262.0         2    41.9  \n",
       "1  FUR-CH-10000454        Furniture  731.9         3   219.6  \n",
       "3  FUR-TA-10000577        Furniture  957.6         5  -383.0  \n",
       "5  FUR-FU-10001487        Furniture   48.9         7    14.2  \n",
       "2  OFF-LA-10000240  Office Supplies   14.6         2     6.9  \n",
       "4  OFF-ST-10000760  Office Supplies   22.4         2     2.5  \n",
       "6  OFF-AR-10002833  Office Supplies    7.3         4     2.0  \n",
       "8  OFF-BI-10003910  Office Supplies   18.5         3     5.8  \n",
       "9  OFF-AP-10002892  Office Supplies  114.9         5    34.5  \n",
       "7  TEC-PH-10002275       Technology  907.2         6    90.7  "
      ]
     },
     "execution_count": 13,
     "metadata": {},
     "output_type": "execute_result"
    }
   ],
   "source": [
    "# sort by columns\n",
    "data.sort_values(\"category\")"
   ]
  },
  {
   "cell_type": "code",
   "execution_count": 14,
   "id": "cee11f88-21ce-42e5-87a7-ff1bba353495",
   "metadata": {},
   "outputs": [
    {
     "data": {
      "text/html": [
       "<div>\n",
       "<style scoped>\n",
       "    .dataframe tbody tr th:only-of-type {\n",
       "        vertical-align: middle;\n",
       "    }\n",
       "\n",
       "    .dataframe tbody tr th {\n",
       "        vertical-align: top;\n",
       "    }\n",
       "\n",
       "    .dataframe thead th {\n",
       "        text-align: right;\n",
       "    }\n",
       "</style>\n",
       "<table border=\"1\" class=\"dataframe\">\n",
       "  <thead>\n",
       "    <tr style=\"text-align: right;\">\n",
       "      <th></th>\n",
       "      <th>order_id</th>\n",
       "      <th>order_date</th>\n",
       "      <th>ship_date</th>\n",
       "      <th>ship_mode</th>\n",
       "      <th>customer_id</th>\n",
       "      <th>region</th>\n",
       "      <th>product_id</th>\n",
       "      <th>category</th>\n",
       "      <th>sales</th>\n",
       "      <th>quantity</th>\n",
       "      <th>profit</th>\n",
       "    </tr>\n",
       "  </thead>\n",
       "  <tbody>\n",
       "    <tr>\n",
       "      <th>5</th>\n",
       "      <td>CA-2018-115812</td>\n",
       "      <td>09-06-2018</td>\n",
       "      <td>14-06-2018</td>\n",
       "      <td>Standard Class</td>\n",
       "      <td>BH-11710</td>\n",
       "      <td>West</td>\n",
       "      <td>FUR-FU-10001487</td>\n",
       "      <td>Furniture</td>\n",
       "      <td>48.9</td>\n",
       "      <td>7</td>\n",
       "      <td>14.2</td>\n",
       "    </tr>\n",
       "    <tr>\n",
       "      <th>0</th>\n",
       "      <td>CA-2020-152156</td>\n",
       "      <td>08-11-2020</td>\n",
       "      <td>11-11-2020</td>\n",
       "      <td>Second Class</td>\n",
       "      <td>CG-12520</td>\n",
       "      <td>South</td>\n",
       "      <td>FUR-BO-10001798</td>\n",
       "      <td>Furniture</td>\n",
       "      <td>262.0</td>\n",
       "      <td>2</td>\n",
       "      <td>41.9</td>\n",
       "    </tr>\n",
       "    <tr>\n",
       "      <th>1</th>\n",
       "      <td>CA-2020-152156</td>\n",
       "      <td>08-11-2020</td>\n",
       "      <td>11-11-2020</td>\n",
       "      <td>Second Class</td>\n",
       "      <td>CG-12520</td>\n",
       "      <td>South</td>\n",
       "      <td>FUR-CH-10000454</td>\n",
       "      <td>Furniture</td>\n",
       "      <td>731.9</td>\n",
       "      <td>3</td>\n",
       "      <td>219.6</td>\n",
       "    </tr>\n",
       "    <tr>\n",
       "      <th>3</th>\n",
       "      <td>US-2019-108966</td>\n",
       "      <td>11-10-2019</td>\n",
       "      <td>18-10-2019</td>\n",
       "      <td>Standard Class</td>\n",
       "      <td>SO-20335</td>\n",
       "      <td>South</td>\n",
       "      <td>FUR-TA-10000577</td>\n",
       "      <td>Furniture</td>\n",
       "      <td>957.6</td>\n",
       "      <td>5</td>\n",
       "      <td>-383.0</td>\n",
       "    </tr>\n",
       "    <tr>\n",
       "      <th>6</th>\n",
       "      <td>CA-2018-115812</td>\n",
       "      <td>09-06-2018</td>\n",
       "      <td>14-06-2018</td>\n",
       "      <td>Standard Class</td>\n",
       "      <td>BH-11710</td>\n",
       "      <td>West</td>\n",
       "      <td>OFF-AR-10002833</td>\n",
       "      <td>Office Supplies</td>\n",
       "      <td>7.3</td>\n",
       "      <td>4</td>\n",
       "      <td>2.0</td>\n",
       "    </tr>\n",
       "    <tr>\n",
       "      <th>2</th>\n",
       "      <td>CA-2020-138688</td>\n",
       "      <td>12-06-2020</td>\n",
       "      <td>16-06-2020</td>\n",
       "      <td>Second Class</td>\n",
       "      <td>DV-13045</td>\n",
       "      <td>West</td>\n",
       "      <td>OFF-LA-10000240</td>\n",
       "      <td>Office Supplies</td>\n",
       "      <td>14.6</td>\n",
       "      <td>2</td>\n",
       "      <td>6.9</td>\n",
       "    </tr>\n",
       "    <tr>\n",
       "      <th>8</th>\n",
       "      <td>CA-2018-115812</td>\n",
       "      <td>09-06-2018</td>\n",
       "      <td>14-06-2018</td>\n",
       "      <td>Standard Class</td>\n",
       "      <td>BH-11710</td>\n",
       "      <td>West</td>\n",
       "      <td>OFF-BI-10003910</td>\n",
       "      <td>Office Supplies</td>\n",
       "      <td>18.5</td>\n",
       "      <td>3</td>\n",
       "      <td>5.8</td>\n",
       "    </tr>\n",
       "    <tr>\n",
       "      <th>4</th>\n",
       "      <td>US-2019-108966</td>\n",
       "      <td>11-10-2019</td>\n",
       "      <td>18-10-2019</td>\n",
       "      <td>Standard Class</td>\n",
       "      <td>SO-20335</td>\n",
       "      <td>South</td>\n",
       "      <td>OFF-ST-10000760</td>\n",
       "      <td>Office Supplies</td>\n",
       "      <td>22.4</td>\n",
       "      <td>2</td>\n",
       "      <td>2.5</td>\n",
       "    </tr>\n",
       "    <tr>\n",
       "      <th>9</th>\n",
       "      <td>CA-2018-115812</td>\n",
       "      <td>09-06-2018</td>\n",
       "      <td>14-06-2018</td>\n",
       "      <td>Standard Class</td>\n",
       "      <td>BH-11710</td>\n",
       "      <td>West</td>\n",
       "      <td>OFF-AP-10002892</td>\n",
       "      <td>Office Supplies</td>\n",
       "      <td>114.9</td>\n",
       "      <td>5</td>\n",
       "      <td>34.5</td>\n",
       "    </tr>\n",
       "    <tr>\n",
       "      <th>7</th>\n",
       "      <td>CA-2018-115812</td>\n",
       "      <td>09-06-2018</td>\n",
       "      <td>14-06-2018</td>\n",
       "      <td>Standard Class</td>\n",
       "      <td>BH-11710</td>\n",
       "      <td>West</td>\n",
       "      <td>TEC-PH-10002275</td>\n",
       "      <td>Technology</td>\n",
       "      <td>907.2</td>\n",
       "      <td>6</td>\n",
       "      <td>90.7</td>\n",
       "    </tr>\n",
       "  </tbody>\n",
       "</table>\n",
       "</div>"
      ],
      "text/plain": [
       "         order_id  order_date   ship_date       ship_mode customer_id region  \\\n",
       "5  CA-2018-115812  09-06-2018  14-06-2018  Standard Class    BH-11710   West   \n",
       "0  CA-2020-152156  08-11-2020  11-11-2020    Second Class    CG-12520  South   \n",
       "1  CA-2020-152156  08-11-2020  11-11-2020    Second Class    CG-12520  South   \n",
       "3  US-2019-108966  11-10-2019  18-10-2019  Standard Class    SO-20335  South   \n",
       "6  CA-2018-115812  09-06-2018  14-06-2018  Standard Class    BH-11710   West   \n",
       "2  CA-2020-138688  12-06-2020  16-06-2020    Second Class    DV-13045   West   \n",
       "8  CA-2018-115812  09-06-2018  14-06-2018  Standard Class    BH-11710   West   \n",
       "4  US-2019-108966  11-10-2019  18-10-2019  Standard Class    SO-20335  South   \n",
       "9  CA-2018-115812  09-06-2018  14-06-2018  Standard Class    BH-11710   West   \n",
       "7  CA-2018-115812  09-06-2018  14-06-2018  Standard Class    BH-11710   West   \n",
       "\n",
